51
53
54
50
56
55
52
57
49
47
45
44
48
46
60
58
59
5
1
2
3
4
6
7
8
9
21
11
12
17
14
15
16
19
20
23
18
22
10
13
34
25
24
29
27
31
28
36
26
33
35
32
30
42
38
43
40
39
37
41
1 2
1 3
2 3
2 4
2 5
3 6
3 7
4 5
4 8
4 9
5 10
5 11
5 12
5 13
6 7
6 14
6 15
6 16
6 17
7 18
7 19
8 9
9 20
9 21
10 12
10 22
10 23
11 13
11 16
11 24
12 25
12 26
13 27
13 28
14 15
14 29
14 30
15 31
15 32
16 17
16 24
17 33
17 34
18 19
18 35
18 36
20 21
20 22
20 37
20 38
20 39
21 40
21 41
22 23
22 38
25 26
25 42
25 43
27 28
27 43
27 44
29 30
29 45
29 46
31 32
31 35
31 47
33 34
34 46
34 48
35 36
35 47
35 49
35 50
36 51
36 52
37 39
37 49
37 53
38 47
38 54
39 48
39 55
40 41
40 46
40 56
42 43
42 45
42 57
43 44
43 51
43 58
44 50
44 59
45 46
45 57
46 48
46 56
47 54
48 55
49 50
49 53
50 59
51 52
51 58
56 58
56 60
58 60
